12
1988500e24
-1.484235692803921E+08 -2.017421862145855E+07  1.880981073142029E+03
 4.486860489614886E+00 -2.941198570043691E+01  1.946658142797375E-03
3.302e23
-9.588061503583315E+07 -4.333266618511003E+07 -6.710203818441806E+06
 1.462614108599582E+01  1.736769845296188E+01  2.894613368896541E+00
48.685e23
-8.067720278552809E+07 -1.053370932690628E+08 -5.076222953216203E+06
 3.166200979477292E+01 -7.735604435245870E+00 -1.268703485915100E+00
5.97219e24
 0.000000000000000E+00  0.000000000000000E+00  0.000000000000000E+00
 0.000000000000000E+00  0.000000000000000E+00  0.000000000000000E+00
7.34767e22
-1.920680152871577E+05  3.432819308283130E+05  2.924438184115074E+04
-8.359495738831699E-01 -5.343557202317311E-01  4.514773233119088E-02
6.4171e23
-3.880040282073450E+08 -6.914167806017649E+07  4.852512052491669E+06
 1.023961337508586E+01 -5.108086357188958E+01 -5.932936621513889E-01
189818.722e22
 5.054219875497906E+08 -3.875149337225050E+08 -1.310105706684923E+07
 1.073725670052614E+01 -1.739437494130578E+01 -1.878368957514276E-01
5.6834e26
 8.409948541930619E+08 -1.129756541402936E+09 -2.008295116387260E+07
 1.116564922315332E+01 -2.299142560450089E+01 -3.759083932612306E-01
86.813e24
 2.042431978235435E+09  1.958792266865831E+09 -2.103663341910970E+07
-1.226005054286254E-01 -2.466368784559836E+01  7.896694109417268E-02
102.409e24
 4.278770189779785E+09 -6.752629766582928E+08 -8.854500608471501E+07
 5.254440799685523E+00 -2.398888949618886E+01 -1.277416718472431E-01
7.349e22
 2.074524057103447E+09 -4.654613120707279E+09 -1.468278076808155E+08
 9.524274143931336E+00 -2.820944514443749E+01 -1.558400872396572E+00
3000
-5.300005939573050E+03  2.025456255631433E+05 -2.374507656946473E+05
-8.577690412002950E-01 -1.691065380717768E-01  7.314733056506985E-01



 






